{
  "image_000.png": {
    "intrinsic": [
      [
        51.2,
        0,
        32.0
      ],
      [
        0,
        51.2,
        32.0
      ],
      [
        0,
        0,
        1
      ]
    ],
    "extrinsic": [
      [
        0.0,
        1.0,
        -0.0,
        0.0
      ],
      [
        -0.31622776601683794,
        0.0,
        0.9486832980505138,
        0.0
      ],
      [
        0.9486832980505138,
        -0.0,
        0.31622776601683794,
        -3.162277660168379
      ],
      [
        0.0,
        0.0,
        0.0,
        1.0
      ]
    ]
  },
  "image_001.png": {
    "intrinsic": [
      [
        51.2,
        0,
        32.0
      ],
      [
        0,
        51.2,
        32.0
      ],
      [
        0,
        0,
        1
      ]
    ],
    "extrinsic": [
      [
        -0.7071067811865475,
        0.7071067811865476,
        0.0,
        0.0
      ],
      [
        -0.223606797749979,
        -0.22360679774997896,
        0.9486832980505138,
        0.0
      ],
      [
        0.6708203932499369,
        0.6708203932499368,
        0.31622776601683794,
        -3.162277660168379
      ],
      [
        0.0,
        0.0,
        0.0,
        1.0
      ]
    ]
  },
  "image_002.png": {
    "intrinsic": [
      [
        51.2,
        0,
        32.0
      ],
      [
        0,
        51.2,
        32.0
      ],
      [
        0,
        0,
        1
      ]
    ],
    "extrinsic": [
      [
        -1.0,
        6.123233995736766e-17,
        0.0,
        0.0
      ],
      [
        -1.9363366072701937e-17,
        -0.31622776601683794,
        0.9486832980505138,
        0.0
      ],
      [
        5.809009821810581e-17,
        0.9486832980505138,
        0.31622776601683794,
        -3.162277660168379
      ],
      [
        0.0,
        0.0,
        0.0,
        1.0
      ]
    ]
  },
  "image_003.png": {
    "intrinsic": [
      [
        51.2,
        0,
        32.0
      ],
      [
        0,
        51.2,
        32.0
      ],
      [
        0,
        0,
        1
      ]
    ],
    "extrinsic": [
      [
        -0.7071067811865476,
        -0.7071067811865475,
        0.0,
        0.0
      ],
      [
        0.22360679774997896,
        -0.223606797749979,
        0.9486832980505138,
        0.0
      ],
      [
        -0.6708203932499368,
        0.6708203932499369,
        0.31622776601683794,
        -3.162277660168379
      ],
      [
        0.0,
        0.0,
        0.0,
        1.0
      ]
    ]
  },
  "image_004.png": {
    "intrinsic": [
      [
        51.2,
        0,
        32.0
      ],
      [
        0,
        51.2,
        32.0
      ],
      [
        0,
        0,
        1
      ]
    ],
    "extrinsic": [
      [
        -1.2246467991473532e-16,
        -1.0,
        0.0,
        0.0
      ],
      [
        0.31622776601683794,
        -3.8726732145403873e-17,
        0.9486832980505138,
        0.0
      ],
      [
        -0.9486832980505138,
        1.1618019643621161e-16,
        0.31622776601683794,
        -3.162277660168379
      ],
      [
        0.0,
        0.0,
        0.0,
        1.0
      ]
    ]
  },
  "image_005.png": {
    "intrinsic": [
      [
        51.2,
        0,
        32.0
      ],
      [
        0,
        51.2,
        32.0
      ],
      [
        0,
        0,
        1
      ]
    ],
    "extrinsic": [
      [
        0.7071067811865475,
        -0.7071067811865476,
        0.0,
        0.0
      ],
      [
        0.223606797749979,
        0.22360679774997896,
        0.9486832980505138,
        0.0
      ],
      [
        -0.6708203932499369,
        -0.6708203932499368,
        0.31622776601683794,
        -3.162277660168379
      ],
      [
        0.0,
        0.0,
        0.0,
        1.0
      ]
    ]
  },
  "image_006.png": {
    "intrinsic": [
      [
        51.2,
        0,
        32.0
      ],
      [
        0,
        51.2,
        32.0
      ],
      [
        0,
        0,
        1
      ]
    ],
    "extrinsic": [
      [
        1.0,
        -1.8369701987210297e-16,
        0.0,
        0.0
      ],
      [
        5.809009821810581e-17,
        0.31622776601683794,
        0.9486832980505138,
        0.0
      ],
      [
        -1.7427029465431742e-16,
        -0.9486832980505138,
        0.31622776601683794,
        -3.162277660168379
      ],
      [
        0.0,
        0.0,
        0.0,
        1.0
      ]
    ]
  },
  "image_007.png": {
    "intrinsic": [
      [
        51.2,
        0,
        32.0
      ],
      [
        0,
        51.2,
        32.0
      ],
      [
        0,
        0,
        1
      ]
    ],
    "extrinsic": [
      [
        0.7071067811865477,
        0.7071067811865475,
        -0.0,
        0.0
      ],
      [
        -0.22360679774997896,
        0.22360679774997902,
        0.9486832980505139,
        -1.1102230246251565e-16
      ],
      [
        0.6708203932499368,
        -0.670820393249937,
        0.31622776601683794,
        -3.162277660168379
      ],
      [
        0.0,
        0.0,
        0.0,
        1.0
      ]
    ]
  }
}