{
  "camera_angle_x": 0.8,
  "frames": [
    {
      "file_path": "images/image_000.png",
      "transform_matrix": [
        [
          -0.8956854366713426,
          -0.2900051785246058,
          0.33711214004212003,
          1.01133642012636
        ],
        [
          0.444688203728035,
          -0.5841248155137114,
          0.6790070701886737,
          2.037021210566021
        ],
        [
          0.0,
          0.7580865361751152,
          0.652153972363901,
          1.9564619170917028
        ],
        [
          0.0,
          0.0,
          0.0,
          1.0
        ]
      ]
    },
    {
      "file_path": "images/image_001.png",
      "transform_matrix": [
        [
          0.9325823357669754,
          -0.21735913415115019,
          0.28817563015715764,
          0.8645268904714729
        ],
        [
          0.3609573202130864,
          0.5615768892214253,
          -0.7445409394230612,
          -2.2336228182691835
        ],
        [
          -0.0,
          0.7983648315735417,
          0.6021740576499046,
          1.8065221729497138
        ],
        [
          0.0,
          0.0,
          0.0,
          1.0
        ]
      ]
    },
    {
      "file_path": "images/image_002.png",
      "transform_matrix": [
        [
          0.9178049662812461,
          -0.32719920762054583,
          0.22488824425026652,
          0.6746647327507995
        ],
        [
          0.39703154014445824,
          0.7563758224552155,
          -0.5198668784753611,
          -1.5596006354260832
        ],
        [
          -0.0,
          0.5664241288448818,
          0.8241138915600906,
          2.4723416746802718
        ],
        [
          0.0,
          0.0,
          0.0,
          1.0
        ]
      ]
    },
    {
      "file_path": "images/image_003.png",
      "transform_matrix": [
        [
          0.6329109596883733,
          -0.620045256176055,
          0.46364598283594843,
          1.3909379485078452
        ],
        [
          0.7742245908690464,
          0.5068728670786783,
          -0.37902002521383776,
          -1.1370600756415132
        ],
        [
          -0.0,
          0.5988520492684406,
          0.8008596775259629,
          2.4025790325778886
        ],
        [
          0.0,
          0.0,
          0.0,
          1.0
        ]
      ]
    },
    {
      "file_path": "images/image_004.png",
      "transform_matrix": [
        [
          -0.7456698003535682,
          -0.44531104689718026,
          0.49565574782504745,
          1.4869672434751424
        ],
        [
          0.6663156525556561,
          -0.49834488828449514,
          0.5546853373580776,
          1.6640560120742327
        ],
        [
          0.0,
          0.7438752878218575,
          0.6683184541578577,
          2.004955362473573
        ],
        [
          0.0,
          0.0,
          0.0,
          1.0
        ]
      ]
    },
    {
      "file_path": "images/image_005.png",
      "transform_matrix": [
        [
          -0.39036769031172625,
          -0.6830180424483344,
          0.6173325036402454,
          1.851997510920736
        ],
        [
          0.9206590391457026,
          -0.2896057762265631,
          0.26175451861528903,
          0.7852635558458672
        ],
        [
          0.0,
          0.6705332564953475,
          0.7418794726461603,
          2.2256384179384807
        ],
        [
          0.0,
          0.0,
          0.0,
          1.0
        ]
      ]
    },
    {
      "file_path": "images/image_006.png",
      "transform_matrix": [
        [
          0.776450236970047,
          -0.47842138652096805,
          0.4101682659939852,
          1.2305047979819557
        ],
        [
          0.630178569541331,
          0.5894684727316497,
          -0.5053730207938077,
          -1.5161190623814231
        ],
        [
          -0.0,
          0.6508762528889582,
          0.7591838403346247,
          2.277551521003874
        ],
        [
          0.0,
          0.0,
          0.0,
          1.0
        ]
      ]
    },
    {
      "file_path": "images/image_007.png",
      "transform_matrix": [
        [
          -0.9093647944863281,
          0.2902490333609204,
          -0.29801202858591047,
          -0.8940360857577313
        ],
        [
          -0.4159996040248574,
          -0.634477172618504,
          0.6514468872265727,
          1.9543406616797179
        ],
        [
          0.0,
          0.7163757506079337,
          0.6977146866312329,
          2.0931440598936986
        ],
        [
          0.0,
          0.0,
          0.0,
          1.0
        ]
      ]
    },
    {
      "file_path": "images/image_008.png",
      "transform_matrix": [
        [
          -0.7430866297081419,
          -0.4442958737042116,
          0.500423258210893,
          1.5012697746326789
        ],
        [
          0.6691952336568117,
          -0.4933542661085513,
          0.555679140658976,
          1.6670374219769277
        ],
        [
          0.0,
          0.7477985990371365,
          0.6639256398709844,
          1.9917769196129531
        ],
        [
          0.0,
          0.0,
          0.0,
          1.0
        ]
      ]
    },
    {
      "file_path": "images/image_009.png",
      "transform_matrix": [
        [
          -0.09890080465639196,
          -0.8563363730057285,
          0.5068595930883738,
          1.5205787792651215
        ],
        [
          0.9950972971716474,
          -0.08510962353884668,
          0.05037579917735893,
          0.1511273975320768
        ],
        [
          0.0,
          0.5093568182016114,
          0.8605554204997669,
          2.5816662614993007
        ],
        [
          0.0,
          0.0,
          0.0,
          1.0
        ]
      ]
    },
    {
      "file_path": "images/image_010.png",
      "transform_matrix": [
        [
          0.6081771715994064,
          -0.6073000501639992,
          0.5111821368320203,
          1.5335464104960608
        ],
        [
          0.7938013151572288,
          0.4652877486701594,
          -0.3916462472590648,
          -1.1749387417771944
        ],
        [
          -0.0,
          0.64396735942768,
          0.7650529654813066,
          2.29515889644392
        ],
        [
          0.0,
          0.0,
          0.0,
          1.0
        ]
      ]
    },
    {
      "file_path": "images/image_011.png",
      "transform_matrix": [
        [
          -0.9119041116053428,
          0.31545341066582455,
          -0.26252625951810854,
          -0.7875787785543256
        ],
        [
          -0.4104033275172981,
          -0.7009281916554865,
          0.5833256199630692,
          1.7499768598892076
        ],
        [
          0.0,
          0.6396786817159599,
          0.7686424293246709,
          2.3059272879740127
        ],
        [
          0.0,
          0.0,
          0.0,
          1.0
        ]
      ]
    },
    {
      "file_path": "images/image_012.png",
      "transform_matrix": [
        [
          0.7113887166082491,
          -0.5891833472264296,
          0.38313062685398674,
          1.1493918805619603
        ],
        [
          0.7027987577411249,
          0.5963846415686912,
          -0.3878134415134622,
          -1.1634403245403866
        ],
        [
          -0.0,
          0.5451498350472506,
          0.8383386292829144,
          2.515015887848743
        ],
        [
          0.0,
          0.0,
          0.0,
          1.0
        ]
      ]
    },
    {
      "file_path": "images/image_013.png",
      "transform_matrix": [
        [
          -0.24251584205736187,
          0.6872568976917359,
          -0.6847364623899762,
          -2.0542093871699287
        ],
        [
          -0.9701474456757636,
          -0.1717993342108382,
          0.17116927999353151,
          0.5135078399805946
        ],
        [
          0.0,
          0.7058065920206776,
          0.7084045840197227,
          2.1252137520591683
        ],
        [
          0.0,
          0.0,
          0.0,
          1.0
        ]
      ]
    },
    {
      "file_path": "images/image_014.png",
      "transform_matrix": [
        [
          -0.4724393770923058,
          0.4884616438057263,
          -0.7336254204314637,
          -2.200876261294391
        ],
        [
          -0.8813631686045396,
          -0.26183135732621593,
          0.3932471301205864,
          1.179741390361759
        ],
        [
          0.0,
          0.8323758543178191,
          0.5542115454848273,
          1.662634636454482
        ],
        [
          0.0,
          0.0,
          0.0,
          1.0
        ]
      ]
    },
    {
      "file_path": "images/image_015.png",
      "transform_matrix": [
        [
          0.9217169943834048,
          -0.2226374286858894,
          0.31760094082505186,
          0.9528028224751556
        ],
        [
          0.38786309732278296,
          0.529075086085932,
          -0.7547461633015043,
          -2.264238489904513
        ],
        [
          -0.0,
          0.8188480497817036,
          0.5740103408203556,
          1.7220310224610669
        ],
        [
          0.0,
          0.0,
          0.0,
          1.0
        ]
      ]
    },
    {
      "file_path": "images/image_016.png",
      "transform_matrix": [
        [
          -0.9190465020170298,
          0.24178337125854615,
          -0.31127853847175785,
          -0.9338356154152735
        ],
        [
          -0.39414911788593615,
          -0.5637718100015073,
          0.7258152789225112,
          2.1774458367675336
        ],
        [
          0.0,
          0.7897481545597156,
          0.6134312124187387,
          1.840293637256216
        ],
        [
          0.0,
          0.0,
          0.0,
          1.0
        ]
      ]
    },
    {
      "file_path": "images/image_017.png",
      "transform_matrix": [
        [
          -0.6357058163593056,
          0.6222336211269036,
          -0.4568407116121,
          -1.3705221348363
        ],
        [
          -0.7719314186162841,
          -0.5124257447555856,
          0.37622033579371356,
          1.1286610073811407
        ],
        [
          0.0,
          0.5918151542931158,
          0.8060737082606129,
          2.4182211247818386
        ],
        [
          0.0,
          0.0,
          0.0,
          1.0
        ]
      ]
    },
    {
      "file_path": "images/image_018.png",
      "transform_matrix": [
        [
          0.23153234773861275,
          -0.7080386619006866,
          0.6671386851356554,
          2.0014160554069664
        ],
        [
          0.9728272055975029,
          0.16851281783272595,
          -0.15877864552712498,
          -0.4763359365813749
        ],
        [
          -0.0,
          0.6857730553761642,
          0.7278154412487002,
          2.1834463237461006
        ],
        [
          0.0,
          0.0,
          0.0,
          1.0
        ]
      ]
    },
    {
      "file_path": "images/image_019.png",
      "transform_matrix": [
        [
          0.45746495092132106,
          0.7234769396107323,
          -0.5170173464498479,
          -1.5510520393495435
        ],
        [
          -0.8892276528980378,
          0.3721941637702094,
          -0.2659806116558897,
          -0.7979418349676691
        ],
        [
          0.0,
          0.5814229289483545,
          0.813601485798248,
          2.440804457394744
        ],
        [
          0.0,
          0.0,
          0.0,
          1.0
        ]
      ]
    },
    {
      "file_path": "images/image_020.png",
      "transform_matrix": [
        [
          -0.7753535742389666,
          -0.5066123968846659,
          0.3770553198638537,
          1.131165959591561
        ],
        [
          0.6315273825534877,
          -0.6219900253415008,
          0.4629271794362691,
          1.3887815383088074
        ],
        [
          0.0,
          0.5970530024197622,
          0.8022017902632399,
          2.4066053707897197
        ],
        [
          0.0,
          0.0,
          0.0,
          1.0
        ]
      ]
    },
    {
      "file_path": "images/image_021.png",
      "transform_matrix": [
        [
          -0.8843257725683503,
          0.2643842418492669,
          -0.3847972201474157,
          -1.154391660442247
        ],
        [
          -0.4668703545647232,
          -0.5007852750604196,
          0.7288663665661007,
          2.1865990996983022
        ],
        [
          0.0,
          0.8242057273183973,
          0.5662904899921521,
          1.6988714699764564
        ],
        [
          0.0,
          0.0,
          0.0,
          1.0
        ]
      ]
    },
    {
      "file_path": "images/image_022.png",
      "transform_matrix": [
        [
          -0.143369965511198,
          -0.7129885432843587,
          0.6863617050320961,
          2.0590851150962886
        ],
        [
          0.9896691634022543,
          -0.10328819633941617,
          0.09943085792465191,
          0.29829257377395574
        ],
        [
          0.0,
          0.6935264130818656,
          0.7204312002945191,
          2.1612936008835573
        ],
        [
          0.0,
          0.0,
          0.0,
          1.0
        ]
      ]
    },
    {
      "file_path": "images/image_023.png",
      "transform_matrix": [
        [
          0.061755728524762826,
          0.6146781051234408,
          -0.7863568255418351,
          -2.3590704766255053
        ],
        [
          -0.9980912934167775,
          0.03803248704852468,
          -0.04865490658225547,
          -0.14596471974676642
        ],
        [
          0.0,
          0.7878606202944529,
          0.6158535889229192,
          1.8475607667687575
        ],
        [
          0.0,
          0.0,
          0.0,
          1.0
        ]
      ]
    },
    {
      "file_path": "images/image_024.png",
      "transform_matrix": [
        [
          -0.9407133809783632,
          -0.2512046240675062,
          0.2279354551081506,
          0.6838063653244518
        ],
        [
          0.33920249829306515,
          -0.6966680741241869,
          0.6321354757074148,
          1.8964064271222443
        ],
        [
          0.0,
          0.6719745764113396,
          0.7405742154955172,
          2.2217226464865516
        ],
        [
          0.0,
          0.0,
          0.0,
          1.0
        ]
      ]
    },
    {
      "file_path": "images/image_025.png",
      "transform_matrix": [
        [
          -0.9085488474674666,
          -0.25743352154570887,
          0.32903947141659645,
          0.9871184142497893
        ],
        [
          0.4177786396712237,
          -0.5598441545118451,
          0.7155665803357358,
          2.1466997410072075
        ],
        [
          0.0,
          0.7875928546168333,
          0.6161959877802741,
          1.8485879633408222
        ],
        [
          0.0,
          0.0,
          0.0,
          1.0
        ]
      ]
    },
    {
      "file_path": "images/image_026.png",
      "transform_matrix": [
        [
          -0.3555539314672228,
          -0.5329954129220974,
          0.7677872697708684,
          2.303361809312605
        ],
        [
          0.9346557664820783,
          -0.2027576582892471,
          0.29207521323600794,
          0.8762256397080238
        ],
        [
          0.0,
          0.8214652894730633,
          0.5702585187359644,
          1.7107755562078935
        ],
        [
          0.0,
          0.0,
          0.0,
          1.0
        ]
      ]
    },
    {
      "file_path": "images/image_027.png",
      "transform_matrix": [
        [
          -0.492501228877288,
          0.6065648151192061,
          -0.6241167075265367,
          -1.87235012257961
        ],
        [
          -0.8703117484869207,
          -0.3432493211303851,
          0.35318177188123484,
          1.0595453156437045
        ],
        [
          0.0,
          0.7171185596558863,
          0.6969511972850516,
          2.0908535918551547
        ],
        [
          0.0,
          0.0,
          0.0,
          1.0
        ]
      ]
    },
    {
      "file_path": "images/image_028.png",
      "transform_matrix": [
        [
          0.9952264166719182,
          0.058660507897756266,
          -0.0779956689281553,
          -0.2339870067844659
        ],
        [
          -0.09759292780920724,
          0.5982040746781543,
          -0.7953788439983049,
          -2.386136531994915
        ],
        [
          0.0,
          0.7991938624962219,
          0.6010733483929974,
          1.8032200451789921
        ],
        [
          0.0,
          0.0,
          0.0,
          1.0
        ]
      ]
    },
    {
      "file_path": "images/image_029.png",
      "transform_matrix": [
        [
          -0.34888877653807043,
          0.6692351840883074,
          -0.6560494569649894,
          -1.9681483708949685
        ],
        [
          -0.9371641380280022,
          -0.24914381069266153,
          0.24423500975038537,
          0.7327050292511562
        ],
        [
          0.0,
          0.7000368775799088,
          0.7141066937287253,
          2.1423200811861762
        ],
        [
          0.0,
          0.0,
          0.0,
          1.0
        ]
      ]
    },
    {
      "file_path": "images/image_030.png",
      "transform_matrix": [
        [
          -0.6545336256978287,
          0.4958519227116137,
          -0.5707158693904091,
          -1.7121476081712272
        ],
        [
          -0.7560328913683946,
          -0.4292825887432544,
          0.4940958673891487,
          1.482287602167446
        ],
        [
          0.0,
          0.7548823284095911,
          0.6558602520773112,
          1.9675807562319338
        ],
        [
          0.0,
          0.0,
          0.0,
          1.0
        ]
      ]
    },
    {
      "file_path": "images/image_031.png",
      "transform_matrix": [
        [
          0.9467776258117185,
          -0.21696479065303634,
          0.237778062232851,
          0.713334186698553
        ],
        [
          0.3218883770227273,
          0.6381634878500585,
          -0.6993820383114816,
          -2.098146114934445
        ],
        [
          -0.0,
          0.7386972603116464,
          0.6740373562407855,
          2.0221120687223566
        ],
        [
          0.0,
          0.0,
          0.0,
          1.0
        ]
      ]
    },
    {
      "file_path": "images/image_032.png",
      "transform_matrix": [
        [
          0.7563813562252258,
          -0.5015940956875604,
          0.4198697501919692,
          1.2596092505759076
        ],
        [
          0.654130907353328,
          0.5800007584197395,
          -0.48550167484534884,
          -1.4565050245360465
        ],
        [
          -0.0,
          0.6418741959324316,
          0.7668099612003579,
          2.300429883601074
        ],
        [
          0.0,
          0.0,
          0.0,
          1.0
        ]
      ]
    },
    {
      "file_path": "images/image_033.png",
      "transform_matrix": [
        [
          -0.9304291777445891,
          -0.2839478195734881,
          0.23167904730680697,
          0.6950371419204209
        ],
        [
          0.3664717522559247,
          -0.7209105058215528,
          0.5882061691231952,
          1.7646185073695857
        ],
        [
          0.0,
          0.6321880087090981,
          0.7748150241473285,
          2.3244450724419856
        ],
        [
          0.0,
          0.0,
          0.0,
          1.0
        ]
      ]
    },
    {
      "file_path": "images/image_034.png",
      "transform_matrix": [
        [
          -0.22016737511765913,
          -0.5372273784980707,
          0.8141947375940788,
          2.442584212782236
        ],
        [
          0.9754621094300895,
          -0.1212552908224862,
          0.18376840727871135,
          0.551305221836134
        ],
        [
          0.0,
          0.8346759240805051,
          0.5507414109728404,
          1.6522242329185208
        ],
        [
          0.0,
          0.0,
          0.0,
          1.0
        ]
      ]
    },
    {
      "file_path": "images/image_035.png",
      "transform_matrix": [
        [
          -0.8796795032702011,
          -0.32928592669571694,
          0.34312497724070606,
          1.0293749317221181
        ],
        [
          0.47556700003920804,
          -0.6090962585832799,
          0.6346950261767915,
          1.9040850785303747
        ],
        [
          0.0,
          0.7215071214201513,
          0.6924070145080904,
          2.077221043524271
        ],
        [
          0.0,
          0.0,
          0.0,
          1.0
        ]
      ]
    },
    {
      "file_path": "images/image_036.png",
      "transform_matrix": [
        [
          -0.7911695417973504,
          0.3683884378697318,
          -0.4882015106245261,
          -1.4646045318735783
        ],
        [
          -0.6115968902244112,
          -0.4765519842422577,
          0.6315437040954461,
          1.8946311122863384
        ],
        [
          0.0,
          0.7982406686950156,
          0.6023386380113219,
          1.8070159140339657
        ],
        [
          0.0,
          0.0,
          0.0,
          1.0
        ]
      ]
    },
    {
      "file_path": "images/image_037.png",
      "transform_matrix": [
        [
          0.06710530293211983,
          -0.8240691823462075,
          0.5625005431336413,
          1.687501629400924
        ],
        [
          0.9977458986727976,
          0.05542434420620107,
          -0.03783204661294596,
          -0.11349613983883788
        ],
        [
          -0.0,
          0.5637713408613154,
          0.8259309143163455,
          2.4777927429490365
        ],
        [
          0.0,
          0.0,
          0.0,
          1.0
        ]
      ]
    },
    {
      "file_path": "images/image_038.png",
      "transform_matrix": [
        [
          -0.8406212783184828,
          0.36275873684646825,
          -0.40219642623941204,
          -1.2065892787182362
        ],
        [
          -0.5416233621606439,
          -0.5630161739563795,
          0.6242250567105744,
          1.8726751701317232
        ],
        [
          0.0,
          0.7425758457592562,
          0.6697619825691253,
          2.009285947707376
        ],
        [
          0.0,
          0.0,
          0.0,
          1.0
        ]
      ]
    },
    {
      "file_path": "images/image_039.png",
      "transform_matrix": [
        [
          -0.9475310226755529,
          -0.2298962264379896,
          0.22210962639425078,
          0.6663288791827523
        ],
        [
          0.31966382508413593,
          -0.681446536806924,
          0.6583658985749706,
          1.9750976957249118
        ],
        [
          0.0,
          0.6948225259326457,
          0.7191812410349548,
          2.1575437231048644
        ],
        [
          0.0,
          0.0,
          0.0,
          1.0
        ]
      ]
    },
    {
      "file_path": "images/image_040.png",
      "transform_matrix": [
        [
          -0.04106406530883021,
          0.8345443513724764,
          -0.549408289100742,
          -1.648224867302226
        ],
        [
          -0.9991565155371364,
          -0.034298714180382064,
          0.022579983730293754,
          0.06773995119088126
        ],
        [
          0.0,
          0.5498720976716902,
          0.8352488708176354,
          2.5057466124529064
        ],
        [
          0.0,
          0.0,
          0.0,
          1.0
        ]
      ]
    },
    {
      "file_path": "images/image_041.png",
      "transform_matrix": [
        [
          -0.3977696115459741,
          -0.6705768593828071,
          0.626183688537841,
          1.878551065613523
        ],
        [
          0.9174853329239465,
          -0.2907240991181371,
          0.27147773769018835,
          0.814433213070565
        ],
        [
          0.0,
          0.682499944214092,
          0.7308856450552038,
          2.1926569351656116
        ],
        [
          0.0,
          0.0,
          0.0,
          1.0
        ]
      ]
    },
    {
      "file_path": "images/image_042.png",
      "transform_matrix": [
        [
          0.1220717395080782,
          -0.7764248724769621,
          0.6182741364577732,
          1.8548224093733194
        ],
        [
          0.9925212795771543,
          0.09549370550622316,
          -0.07604249992746707,
          -0.2281274997824012
        ],
        [
          -0.0,
          0.6229328772892179,
          0.7822752906695802,
          2.3468258720087403
        ],
        [
          0.0,
          0.0,
          0.0,
          1.0
        ]
      ]
    },
    {
      "file_path": "images/image_043.png",
      "transform_matrix": [
        [
          0.9998734392816938,
          -0.008195531829684896,
          0.013635933302327647,
          0.04090779990698294
        ],
        [
          0.015909287193237365,
          0.5150761626060093,
          -0.856996756876052,
          -2.570990270628156
        ],
        [
          -0.0,
          0.8571052327299703,
          0.5151413592664673,
          1.545424077799402
        ],
        [
          0.0,
          0.0,
          0.0,
          1.0
        ]
      ]
    },
    {
      "file_path": "images/image_044.png",
      "transform_matrix": [
        [
          0.854672545068525,
          0.4408113166394305,
          -0.27426305589470434,
          -0.822789167684113
        ],
        [
          -0.519167449582589,
          0.7256797978959125,
          -0.45150192714943893,
          -1.3545057814483168
        ],
        [
          0.0,
          0.5282747524237354,
          0.8490734867793487,
          2.547220460338046
        ],
        [
          0.0,
          0.0,
          0.0,
          1.0
        ]
      ]
    },
    {
      "file_path": "images/image_045.png",
      "transform_matrix": [
        [
          0.9462173465684773,
          -0.254407990841831,
          0.19987322794394663,
          0.59961968383184
        ],
        [
          0.3235316569563325,
          0.7440547126201805,
          -0.5845595363817021,
          -1.7536786091451064
        ],
        [
          -0.0,
          0.6177856900443092,
          0.7863465146972273,
          2.359039544091682
        ],
        [
          0.0,
          0.0,
          0.0,
          1.0
        ]
      ]
    },
    {
      "file_path": "images/image_046.png",
      "transform_matrix": [
        [
          0.11314686652862777,
          0.7142981474409685,
          -0.6906344497323843,
          -2.071903349197153
        ],
        [
          -0.9935782740150636,
          0.08134295934587236,
          -0.07864818097135409,
          -0.23594454291406228
        ],
        [
          0.0,
          0.6950981797755308,
          0.7189148214307061,
          2.1567444642921183
        ],
        [
          0.0,
          0.0,
          0.0,
          1.0
        ]
      ]
    },
    {
      "file_path": "images/image_047.png",
      "transform_matrix": [
        [
          -0.37395868796258397,
          0.510392043737374,
          -0.7743738511771231,
          -2.323121553531369
        ],
        [
          -0.9274453621088968,
          -0.205797070987088,
          0.3122381557014336,
          0.9367144671043007
        ],
        [
          0.0,
          0.834953607850593,
          0.5503203364743829,
          1.6509610094231488
        ],
        [
          0.0,
          0.0,
          0.0,
          1.0
        ]
      ]
    },
    {
      "file_path": "images/image_048.png",
      "transform_matrix": [
        [
          0.6793695793085158,
          0.5471013876297066,
          -0.4890164070497222,
          -1.4670492211491668
        ],
        [
          -0.7337962760263711,
          0.5065221120578997,
          -0.45274537577564966,
          -1.3582361273269492
        ],
        [
          0.0,
          0.6664198538834611,
          0.7455766750307751,
          2.2367300250923257
        ],
        [
          0.0,
          0.0,
          0.0,
          1.0
        ]
      ]
    },
    {
      "file_path": "images/image_049.png",
      "transform_matrix": [
        [
          -0.6067086155218432,
          -0.481994608102019,
          0.6321280357745173,
          1.896384107323552
        ],
        [
          0.7949243082530363,
          -0.3678718568982097,
          0.4824579163519807,
          1.4473737490559422
        ],
        [
          0.0,
          0.7952053160428721,
          0.6063402554153532,
          1.8190207662460596
        ],
        [
          0.0,
          0.0,
          0.0,
          1.0
        ]
      ]
    },
    {
      "file_path": "images/image_050.png",
      "transform_matrix": [
        [
          -0.9498284704663837,
          -0.21896558753916562,
          0.22333819235660998,
          0.6700145770698299
        ],
        [
          0.31277128495354256,
          -0.6649579392430189,
          0.6782367303133822,
          2.0347101909401464
        ],
        [
          0.0,
          0.7140623295702594,
          0.7000821305309074,
          2.100246391592722
        ],
        [
          0.0,
          0.0,
          0.0,
          1.0
        ]
      ]
    },
    {
      "file_path": "images/image_051.png",
      "transform_matrix": [
        [
          0.9872123045613775,
          -0.10561363121289319,
          0.1194053040054794,
          0.35821591201643826
        ],
        [
          0.15941099624120655,
          0.6540519708252378,
          -0.739462070519515,
          -2.218386211558545
        ],
        [
          -0.0,
          0.7490405732412959,
          0.6625241275895926,
          1.9875723827687781
        ],
        [
          0.0,
          0.0,
          0.0,
          1.0
        ]
      ]
    },
    {
      "file_path": "images/image_052.png",
      "transform_matrix": [
        [
          -0.38464982239721796,
          -0.4700731017952459,
          0.7944027902131167,
          2.38320837063935
        ],
        [
          0.9230625732472251,
          -0.19588437486222635,
          0.33103594601651054,
          0.9931078380495316
        ],
        [
          0.0,
          0.8606164015712408,
          0.5092537769585699,
          1.5277613308757096
        ],
        [
          0.0,
          0.0,
          0.0,
          1.0
        ]
      ]
    },
    {
      "file_path": "images/image_053.png",
      "transform_matrix": [
        [
          -0.9968221447244605,
          0.06076949281526835,
          -0.051504179732346195,
          -0.15451253919703858
        ],
        [
          -0.07965934839632302,
          -0.7604427776706446,
          0.644500713810022,
          1.9335021414300662
        ],
        [
          0.0,
          0.6465553732137177,
          0.7628670587779173,
          2.288601176333752
        ],
        [
          0.0,
          0.0,
          0.0,
          1.0
        ]
      ]
    },
    {
      "file_path": "images/image_054.png",
      "transform_matrix": [
        [
          -0.7341012143648225,
          0.5615514856999685,
          -0.3817791717423192,
          -1.1453375152269576
        ],
        [
          -0.6790400629330299,
          -0.6070858703095015,
          0.4127364037766261,
          1.2382092113298784
        ],
        [
          0.0,
          0.5622336480314154,
          0.826978430807773,
          2.480935292423319
        ],
        [
          0.0,
          0.0,
          0.0,
          1.0
        ]
      ]
    },
    {
      "file_path": "images/image_055.png",
      "transform_matrix": [
        [
          -0.9807792926388461,
          -0.11414924657187037,
          0.15824641745682347,
          0.4747392523704703
        ],
        [
          0.19512042212655473,
          -0.5737749851494393,
          0.7954308815264316,
          2.3862926445792945
        ],
        [
          0.0,
          0.8110192451007778,
          0.5850194732452628,
          1.7550584197357884
        ],
        [
          0.0,
          0.0,
          0.0,
          1.0
        ]
      ]
    },
    {
      "file_path": "images/image_056.png",
      "transform_matrix": [
        [
          -0.7576145184048951,
          0.4918942529267513,
          -0.42902247661369913,
          -1.2870674298410973
        ],
        [
          -0.6527022609905061,
          -0.5709589958700281,
          0.49798150922797374,
          1.4939445276839212
        ],
        [
          0.0,
          0.6573019617898022,
          0.7536273157385404,
          2.260881947215621
        ],
        [
          0.0,
          0.0,
          0.0,
          1.0
        ]
      ]
    },
    {
      "file_path": "images/image_057.png",
      "transform_matrix": [
        [
          -0.06004216421789009,
          0.5086868285693349,
          -0.8588554296015739,
          -2.5765662888047216
        ],
        [
          -0.9981958417645467,
          -0.030597861480214497,
          0.05166074289831387,
          0.1549822286949416
        ],
        [
          0.0,
          0.8604077413139132,
          0.5096062388620162,
          1.5288187165860485
        ],
        [
          0.0,
          0.0,
          0.0,
          1.0
        ]
      ]
    },
    {
      "file_path": "images/image_058.png",
      "transform_matrix": [
        [
          -0.18109880411957016,
          -0.7261917765260741,
          0.6632109218433953,
          1.9896327655301853
        ],
        [
          0.9834649069216763,
          -0.13372359437001435,
          0.12212607077238798,
          0.3663782123171639
        ],
        [
          0.0,
          0.6743615528888554,
          0.7384013109314824,
          2.215203932794447
        ],
        [
          0.0,
          0.0,
          0.0,
          1.0
        ]
      ]
    },
    {
      "file_path": "images/image_059.png",
      "transform_matrix": [
        [
          0.949558108835355,
          0.2590277678562001,
          -0.17675976189296824,
          -0.5302792856789047
        ],
        [
          -0.313591131802263,
          0.7843395186840603,
          -0.5352309048302728,
          -1.6056927144908184
        ],
        [
          0.0,
          0.5636631395699842,
          0.8260047609367084,
          2.478014282810125
        ],
        [
          0.0,
          0.0,
          0.0,
          1.0
        ]
      ]
    }
  ]
}